     0.0000000000000000   0.000000000000000    
     3.3354741782726074  0.2325483423271960E-03
     6.6709483565452148  0.1026957053200175E-02
    10.0064225348178226  0.3399009571982112E-02
    13.3418967130904296  0.8903508847961114E-02
    16.6773708913630365  0.1874705313551391E-01
    20.0128450696356452  0.3248240182349419E-01
    23.3483192479082540  0.4758623382155590E-01
    26.6837934261808591  0.5886324074741366E-01
    30.0192676044534679  0.5728847382734272E-01
    33.3547417827260730  0.4161705396205987E-01
    36.6902159609986782  0.2580745824519792E-01
    40.0256901392712905  0.1705271675347812E-01
    43.3611643175438957  0.1307464378569712E-01
    46.6966384958165079  0.1107833242332892E-01
    50.0321126740891131  0.9654464511798898E-02
    53.3675868523617183  0.8297025713272075E-02
    56.7030610306343235  0.6973098449714251E-02
    60.0385352089069357  0.5796111980254368E-02
    63.3740093871795338  0.4839267906730241E-02
    66.7094835654521461  0.4106550327048507E-02
    70.0449577437247513  0.3561079609388341E-02
    73.3804319219973564  0.3153860919544726E-02
    76.7159061002699758  0.2844948177628885E-02
    80.0513802785425810  0.2611996672401185E-02
    83.3868544568151862  0.2453927696009620E-02
    86.7223286350877913  0.2403348571767163E-02
    90.0578028133603965  0.2565067683152648E-02
    93.3932769916330159  0.3181830215837015E-02
    96.7287511699056068  0.4644264398271365E-02
   100.0642253481782262  0.7334984985801706E-02
   103.3996995264508172  0.1142846395603460E-01
   106.7351737047234366  0.1681780592206146E-01
   110.0706478829960417  0.2276942932445441E-01
   113.4061220612686469  0.2720752711612077E-01
   116.7415962395412521  0.2724207602455706E-01
   120.0770704178138715  0.2247946930846800E-01
   123.4125445960864766  0.1717911031535796E-01
   126.7480187743590676  0.1600091595560955E-01
   130.0834929526317012  0.2072870594192308E-01
   133.4189671309042922  0.3121290724845252E-01
   136.7544413091769115  0.4575970307173758E-01
   140.0899154874495025  0.6066885813349908E-01
   143.4253896657221219  0.6726951641046973E-01
   146.7608638439947129  0.5312368358778236E-01
   150.0963380222673322  0.2804806257635709E-01
   153.4318122005399516  0.1288148143330413E-01
   156.7672863788125426  0.8059553557165958E-02
   160.1027605570851620  0.9028618044800410E-02
   163.4382347353577813  0.1416506863796706E-01
   166.7737089136303723  0.2174737543674116E-01
   170.1091830919029633  0.2766694295081270E-01
   173.4446572701755827  0.2673629997447055E-01
   176.7801314484482020  0.1857254433545483E-01
   180.1156056267207930  0.1039646722613743E-01
   183.4510798049933840  0.7749129797474548E-02
   186.7865539832660318  0.1135058595733987E-01
   190.1220281615386227  0.2089619059589374E-01
   193.4575023398112137  0.3476570574052872E-01
   196.7929765180838331  0.4840551882388244E-01
   200.1284506963564525  0.5238842484369016E-01
   203.4639248746290434  0.3706866691645513E-01
   206.7993990529016344  0.1619946055518076E-01
   210.1348732311742822  0.5914396048226852E-02
   213.4703474094468731  0.2889194950842723E-02
   216.8058215877194925  0.2116884682029275E-02
   220.1412957659920835  0.1871004654630334E-02
   223.4767699442647029  0.1766636686712630E-02
   226.8122441225372938  0.1724545586700107E-02
   230.1477183008098848  0.1726567319816954E-02
   233.4831924790825042  0.1775595359938894E-02
   236.8186666573551520  0.1886531245290878E-02
   240.1541408356277429  0.2093445617823503E-02
   243.4896150139003339  0.2489269881465245E-02
   246.8250891921729533  0.3352520185852121E-02
   250.1605633704455443  0.5420141561163825E-02
   253.4960375487181352  0.9966308972195959E-02
   256.8315117269907546  0.1797389633184577E-01
   260.1669859052634024  0.2867093319337757E-01
   263.5024600835359934  0.3992558328512118E-01
   266.8379342618085843  0.5299939449129591E-01
   270.1734084400811753  0.7592351700387427E-01
   273.5088826183538231  0.1227317147862710    
   276.8443567966264141  0.1650436170865063    
   280.1798309748990050  0.1128645185207953    
   283.5153051531716528  0.5092660199721172E-01
   286.8507793314442438  0.2850796165337516E-01
   290.1862535097168347  0.2066967479232982E-01
   293.5217276879894257  0.1837869281751164E-01
   296.8572018662620735  0.1958971152609076E-01
   300.1926760445346645  0.2414481518385182E-01
   303.5281502228073123  0.3198891418077202E-01
   306.8636244010799032  0.4232393853864242E-01
   310.1990985793524942  0.5370063278668574E-01
   313.5345727576250852  0.6339043729867451E-01
   316.8700469358976761  0.6366349397733349E-01
   320.2055211141703239  0.4750473239808499E-01
   323.5409952924429149  0.2724680005353765E-01
   326.8764694707155627  0.1589354881752181E-01
   330.2119436489881537  0.1260953210570652E-01
   333.5474178272607446  0.1474968271844253E-01
   336.8828920055333356  0.2141732841128216E-01
   340.2183661838059265  0.3126276152778843E-01
   343.5538403620785175  0.4167418438315862E-01
   346.8893145403511653  0.5284996458812905E-01
   350.2247887186238131  0.7139427997903809E-01
   353.5602628968964041  0.1109735310713368    
   356.8957370751689950  0.1687907400584601    
   360.2312112534415860  0.1544496463244618    
   363.5666854317141770  0.7226429305273742E-01
   366.9021596099867679  0.3412838503331687E-01
   370.2376337882594157  0.2016681095956210E-01
   373.5731079665320635  0.1398647971010656E-01
   376.9085821448046545  0.1077936246260924E-01
   380.2440563230772455  0.8916864938630080E-02
   383.5795305013498364  0.7760341877508384E-02
   386.9150046796224274  0.7047898480603608E-02
   390.2504788578950183  0.6660237617680195E-02
   393.5859530361676661  0.6540489321099215E-02
   396.9214272144403139  0.6689613642315761E-02
   400.2569013927129049  0.7222718450721354E-02
   403.5923755709854959  0.8469747438958545E-02
   406.9278497492580868  0.1091565428717328E-01
   410.2633239275306778  0.1466401559522217E-01
   413.5987981058032688  0.1858312490543065E-01
   416.9342722840759166  0.2101961630775038E-01
   420.2697464623485644  0.2251916662862407E-01
   423.6052206406211553  0.2518742505013068E-01
   426.9406948188937463  0.3032549767401237E-01
   430.2761689971663372  0.3818896553675588E-01
   433.6116431754389851  0.5131789334349650E-01
   436.9471173537115192  0.8335999171564720E-01
   440.2825915319841670  0.1426201439203373    
   443.6180657102567579  0.2051422703803423    
   446.9535398885294057  0.2211402057488457    
   450.2890140668020535  0.1729414578727594    
   453.6244882450745877  0.1414908555547285    
   456.9599624233472355  0.1293738448235075    
   460.2954366016197696  0.1288406372749249    
   463.6309107798924174  0.1358763056918106    
   466.9663849581650084  0.1455621619496821    
   470.3018591364376562  0.1469184691424598    
   473.6373333147103040  0.1289814285412807    
   476.9728074929828381  0.9843416188257592E-01
   480.3082816712554859  0.7163096230948900E-01
   483.6437558495280200  0.5392415773023267E-01
   486.9792300278006678  0.4301257630570883E-01
   490.3147042060732588  0.3631005778008023E-01
   493.6501783843459066  0.3242441321502159E-01
   496.9856525626185544  0.3064499035520777E-01
   500.3211267408910885  0.3057972407821415E-01
   503.6566009191637363  0.3193492619548470E-01
   506.9920750974362704  0.3425874277673513E-01
   510.3275492757089182  0.3694352798135923E-01
   513.6630234539815092  0.3966802018268607E-01
   516.9984976322541570  0.4278320813448128E-01
   520.3339718105268048  0.4708851778079263E-01
   523.6694459887993389  0.5332951889249963E-01
   527.0049201670719867  0.6183699968144543E-01
   530.3403943453445208  0.7195572165448669E-01
   533.6758685236171686  0.8133373643824506E-01
   537.0113427018897028  0.8720282367292004E-01
   540.3468168801623506  0.8940323072702323E-01
   543.6822910584349984  0.9038207142261999E-01
   547.0177652367076462  0.9278041706083508E-01
   550.3532394149802940  0.9812326235541549E-01
   553.6887135932528281  0.1061218467663881    
   557.0241877715254759  0.1133559667260757    
   560.3596619497980100  0.1136682636671780    
   563.6951361280706578  0.1038943520045049    
   567.0306103063433056  0.8835078847936241E-01
   570.3660844846158398  0.7331609702889035E-01
   573.7015586628884876  0.6146923481869016E-01
   577.0370328411610217  0.5282852075889335E-01
   580.3725070194336695  0.4669171410991559E-01
   583.7079811977062036  0.4239597565461880E-01
   587.0434553759788514  0.3946292586629654E-01
   590.3789295542514992  0.3743037004665511E-01
   593.7144037325241470  0.3590935059585421E-01
   597.0498779107967948  0.3502471465585044E-01
   600.3853520890693289  0.3547505280525191E-01
   603.7208262673419767  0.3810664661983757E-01
   607.0563004456146246  0.4350733411445971E-01
   610.3917746238871587  0.5064179009038739E-01
   613.7272488021598065  0.5354334107231438E-01
   617.0627229804323406  0.4793644688363422E-01
   620.3981971587049884  0.3937917193175153E-01
   623.7336713369775225  0.3271570362508938E-01
   627.0691455152501703  0.2874209977312447E-01
   630.4046196935228181  0.2640827994663514E-01
   633.7400938717953522  0.2415699039580442E-01
   637.0755680500680000  0.2132477511948047E-01
   640.4110422283406479  0.1869450471211409E-01
   643.7465164066132957  0.1713710809917649E-01
   647.0819905848858298  0.1680505195463290E-01
   650.4174647631584776  0.1755493467565538E-01
   653.7529389414311254  0.1935824407154649E-01
   657.0884131197036595  0.2243685050300477E-01
   660.4238872979763073  0.2740505819184336E-01
   663.7593614762488414  0.3572888371409508E-01
   667.0948356545214892  0.5130857466163816E-01
   670.4303098327940234  0.7893804445673260E-01
   673.7657840110666712  0.1014123776358962    
   677.1012581893393190  0.1847378230764567    
   680.4367323676118531  0.3302062744144149    
   683.7722065458845009  0.3627199401932008    
   687.1076807241570350  0.2590281713302888    
   690.4431549024296828  0.1825974397732980    
   693.7786290807023306  0.1411009467883911    
   697.1141032589749784  0.1161986640877068    
   700.4495774372476262  0.1029073043999044    
   703.7850516155201603  0.1018142526012811    
   707.1205257937928081  0.1154387505623656    
   710.4559999720653423  0.1470259401708067    
   713.7914741503379901  0.1863702470434073    
   717.1269483286105242  0.2082878458182646    
   720.4624225068831720  0.1674586320392719    
   723.7978966851558198  0.1106716052300736    
   727.1333708634283539  0.7715342521704029E-01
   730.4688450417010017  0.6009529113243225E-01
   733.8043192199735358  0.4830591187912845E-01
   737.1397933982461836  0.3894309790121055E-01
   740.4752675765188314  0.3308699126040843E-01
   743.8107417547914793  0.3014878841862228E-01
   747.1462159330641271  0.2749897936448024E-01
   750.4816901113366612  0.2307486754711669E-01
   753.8171642896093090  0.1806810504775845E-01
   757.1526384678818431  0.1442605312966123E-01
   760.4881126461544909  0.1249104555815636E-01
   763.8235868244270250  0.1176903502273638E-01
   767.1590610026996728  0.1182770971588460E-01
   770.4945351809723206  0.1254669877085802E-01
   773.8300093592448547  0.1406882235485165E-01
   777.1654835375175026  0.1674896280359773E-01
   780.5009577157900367  0.2147785255507512E-01
   783.8364318940626845  0.3157950302637200E-01
   787.1719060723353323  0.6093543720732149E-01
   790.5073802506079801  0.6919998669622099E-01
   793.8428544288806279  0.2272523459907076    
   797.1783286071531620  0.5382044738474525    
   800.5138027854258098  0.4064244136608016    
   803.8492769636983439  0.2387829306964436    
   807.1847511419709917  0.1687368088461168    
   810.5202253202436395  0.1314570147415681    
   813.8556994985161737  0.1050680274247445    
   817.1911736767888215  0.8038355011798407E-01
   820.5266478550613556  0.5839700530731919E-01
   823.8621220333340034  0.4427848309110087E-01
   827.1975962116065375  0.3705829585080870E-01
   830.5330703898791853  0.3070013939298069E-01
   833.8685445681518331  0.2139737390744219E-01
   837.2040187464244809  0.1270676719297047E-01
   840.5394929246971287  0.7706743559168723E-02
   843.8749671029696628  0.5657196703563644E-02
   847.2104412812423107  0.5075411918686524E-02
   850.5459154595148448  0.5265527927990234E-02
   853.8813896377874926  0.6423054930789392E-02
   857.2168638160601404  0.1116865344285418E-01
   860.5523379943326745  0.4466060348943298E-01
   863.8878121726053223  0.9575404162731042E-01
   867.2232863508779701  0.1365812180238072    
   870.5587605291503905  0.9453002680354682E-01
   873.8942347074230383  0.6232501015608127E-01
   877.2297088856956861  0.4593349997211756E-01
   880.5651830639683340  0.3098467100787712E-01
   883.9006572422409818  0.1572596033410359E-01
   887.2361314205135159  0.6211181753201405E-02
   890.5716055987861637  0.2439550581198429E-02
   893.9070797770588115  0.1378943240136512E-02
   897.2425539553314593  0.1120912082240096E-02
   900.5780281336041071  0.1042732871648625E-02
   903.9135023118765275  0.1010275692509509E-02
   907.2489764901491753  0.9964699613925450E-03
   910.5844506684218231  0.9933245623640796E-03
   913.9199248466944709  0.9960877604142679E-03
   917.2553990249668914  0.1002331271163030E-02
   920.5908732032395392  0.1010672346764243E-02
   923.9263473815121870  0.1020670635127242E-02
   927.2618215597848348  0.1031843201871182E-02
   930.5972957380574826  0.1044391742849096E-02
   933.9327699163300167  0.1058278781799963E-02
   937.2682440946026645  0.1073565310713004E-02
   940.6037182728753123  0.1089918847729308E-02
   943.9391924511479601  0.1106907412902464E-02
   947.2746666294206079  0.1123655891339604E-02
   950.6101408076930284  0.1139912977883242E-02
   953.9456149859656762  0.1156039365150825E-02
   957.2810891642383240  0.1172857318589724E-02
   960.6165633425109718  0.1190422472183613E-02
   963.9520375207833922  0.1208348326141995E-02
   967.2875116990560400  0.1226370902693774E-02
   970.6229858773286878  0.1244797721560524E-02
   973.9584600556013356  0.1263596308596596E-02
   977.2939342338739834  0.1282453498771234E-02
   980.6294084121465175  0.1300925250955578E-02
   983.9648825904191654  0.1319103647051063E-02
   987.3003567686918132  0.1337566028700487E-02
   990.6358309469644610  0.1356987493247392E-02
   993.9713051252371088  0.1377276165621303E-02
   997.3067793035095292  0.1398174879409322E-02
  1000.6422534817821770  0.1419897064664911E-02
  1003.9777276600548248  0.1443123418782776E-02
  1007.3132018383274726  0.1468146903496688E-02
  1010.6486760165998930  0.1494830874631584E-02
  1013.9841501948725409  0.1523129770276539E-02
  1017.3196243731451887  0.1554356737279909E-02
  1020.6550985514178365  0.1592172867224605E-02
  1023.9905727296904843  0.1645215251643510E-02
  1027.3260469079630184  0.1738478355047144E-02
  1030.6615210862355525  0.1982045918396704E-02
  1033.9969952645083140  0.3218189383457076E-02
  1037.3324694427808481  0.2047151214117086E-02
  1040.6679436210536096  0.2065118740595537E-02
  1044.0034177993261437  0.1767341735158965E-02
  1047.3388919775986778  0.1716841726294233E-02
  1050.6743661558714393  0.1713472843398175E-02
  1054.0098403341439735  0.1724288524027109E-02
  1057.3453145124167349  0.1740477824770648E-02
  1060.6807886906890417  0.1758580960378378E-02
  1064.0162628689618032  0.1776862351168256E-02
  1067.3517370472343373  0.1795144587384258E-02
  1070.6872112255070988  0.1814520204233865E-02
  1074.0226854037794055  0.1835927239748502E-02
  1077.3581595820521670  0.1858938893375351E-02
  1080.6936337603247011  0.1881906747526952E-02
  1084.0291079385974626  0.1903468749904271E-02
  1087.3645821168699968  0.1923438945101926E-02
  1090.7000562951425309  0.1942514364760224E-02
  1094.0355304734152924  0.1961424928199889E-02
  1097.3710046516878265  0.1980663904082996E-02
  1100.7064788299605880  0.2000739570933077E-02
  1104.0419530082331221  0.2021995029183164E-02
  1107.3774271865056562  0.2044522513669642E-02
  1110.7129013647781903  0.2068337905879667E-02
  1114.0483755430509518  0.2092554840822543E-02
  1117.3838497213234859  0.2115442103801357E-02
  1120.7193238995960201  0.2136531358086988E-02
  1124.0547980778685542  0.2157324248048692E-02
  1127.3902722561413157  0.2179084543780857E-02
  1130.7257464344138498  0.2201406511779614E-02
  1134.0612206126866113  0.2223559112727446E-02
  1137.3966947909591454  0.2245787714713127E-02
  1140.7321689692316795  0.2268502740871614E-02
  1144.0676431475044410  0.2291336874833503E-02
  1147.4031173257769751  0.2313902118188708E-02
  1150.7385915040497366  0.2336773456295667E-02
  1154.0740656823220434  0.2360762765115723E-02
  1157.4095398605948048  0.2385206108341944E-02
  1160.7450140388673390  0.2408390913711945E-02
  1164.0804882171401005  0.2429433637029754E-02
  1167.4159623954124072  0.2449004773665902E-02
  1170.7514365736851687  0.2468499585753390E-02
  1174.0869107519577028  0.2488954415334550E-02
  1177.4223849302304643  0.2510551163454598E-02
  1180.7578591085029984  0.2532927716827647E-02
  1184.0933332867755325  0.2555425880132526E-02
  1187.4288074650482940  0.2577609392166481E-02
  1190.7642816433208282  0.2599691965428261E-02
  1194.0997558215935896  0.2622359535033870E-02
  1197.4352299998661238  0.2645956162148661E-02
  1200.7707041781386579  0.2669982938040013E-02
  1204.1061783564111920  0.2693213118102370E-02
  1207.4416525346839535  0.2714881184645821E-02
  1210.7771267129564876  0.2735631081226188E-02
  1214.1126008912292491  0.2757720664163253E-02
  1217.4480750695015558  0.2783202251018590E-02
  1220.7835492477743173  0.2811296626000024E-02
  1224.1190234260468515  0.2838812957567563E-02
  1227.4544976043196129  0.2863988616548554E-02
  1230.7899717825921471  0.2887326927874094E-02
  1234.1254459608646812  0.2909429551370138E-02
  1237.4609201391374427  0.2930889086515307E-02
  1240.7963943174099768  0.2953501214303876E-02
  1244.1318684956827383  0.2977887267029298E-02
  1247.4673426739550450  0.3002179968120883E-02
  1250.8028168522278065  0.3024493520701459E-02
  1254.1382910305003406  0.3044939126953635E-02
  1257.4737652087731021  0.3064497810455223E-02
  1260.8092393870456362  0.3084071648226658E-02
  1264.1447135653181704  0.3104450996197304E-02
  1267.4801877435907045  0.3126294872994081E-02
  1270.8156619218634660  0.3149467315562727E-02
  1274.1511361001360001  0.3173817830934647E-02
  1277.4866102784085342  0.3199123092756358E-02
  1280.8220844566812957  0.3224579783512436E-02
  1284.1575586349538298  0.3249523524134349E-02
  1287.4930328132265913  0.3274263545418473E-02
  1290.8285069914991254  0.3298445493790310E-02
  1294.1639811697716596  0.3320883674840718E-02
  1297.4994553480441937  0.3341205254211707E-02
  1300.8349295263169552  0.3360874826930043E-02
  1304.1704037045894893  0.3381292932569316E-02
  1307.5058778828622508  0.3402635152500194E-02
  1310.8413520611345575  0.3424640071309441E-02
  1314.1768262394073190  0.3448080393831514E-02
  1317.5123004176798531  0.3473579235805010E-02
  1320.8477745959526146  0.3500574209338136E-02
  1324.1832487742251487  0.3527788674678749E-02
  1327.5187229524976829  0.3554633964306322E-02
  1330.8541971307704443  0.3580454392484029E-02
  1334.1896713090429785  0.3604067119322111E-02
  1337.5251454873157400  0.3624410353496411E-02
  1340.8606196655880467  0.3642297982617107E-02
  1344.1960938438608082  0.3660197936342878E-02
  1347.5315680221333423  0.3681034271484874E-02
  1350.8670422004061038  0.3705814331927473E-02
  1354.2025163786786379  0.3732895603475941E-02
  1357.5379905569511720  0.3759129527235455E-02
  1360.8734647352237062  0.3782878192476136E-02
  1364.2089389134964676  0.3804321334432485E-02
  1367.5444130917690018  0.3824600105942609E-02
  1370.8798872700417633  0.3844653210561161E-02
  1374.2153614483140700  0.3865274805833458E-02
  1377.5508356265868315  0.3886759821744191E-02
  1380.8863098048593656  0.3909117446679018E-02
  1384.2217839831321271  0.3931289025054198E-02
  1387.5572581614046612  0.3952366166161451E-02
  1390.8927323396771953  0.3972616218031037E-02
  1394.2282065179499568  0.3993756033376163E-02
  1397.5636806962224910  0.4016965820967590E-02
  1400.8991548744952524  0.4041450301571946E-02
  1404.2346290527675592  0.4064189427901532E-02
  1407.5701032310403207  0.4083988319472676E-02
  1410.9055774093128548  0.4103284723502298E-02
  1414.2410515875856163  0.4125697015796015E-02
  1417.5765257658581504  0.4151807522576993E-02
  1420.9119999441306845  0.4179688821332229E-02
  1424.2474741224032186  0.4206735374179748E-02
  1427.5829483006759801  0.4231206526974475E-02
  1430.9184224789485143  0.4251952245098399E-02
  1434.2538966572210484  0.4270541899383358E-02
  1437.5893708354938099  0.4290442379043433E-02
  1440.9248450137663440  0.4313577109876897E-02
  1444.2603191920391055  0.4338423077991732E-02
  1447.5957933703116396  0.4363235336389178E-02
  1450.9312675485841737  0.4386536477665229E-02
  1454.2667417268567078  0.4407254144479321E-02
  1457.6022159051294693  0.4424956000654539E-02
  1460.9376900834020034  0.4441434642006232E-02
  1464.2731642616747649  0.4459267748716093E-02
  1467.6086384399470717  0.4479787621027055E-02
  1470.9441126182198332  0.4501798697760290E-02
  1474.2795867964923673  0.4524558428157408E-02
  1477.6150609747651288  0.4547497608208732E-02
  1480.9505351530376629  0.4569176711416118E-02
  1484.2860093313101970  0.4587972503694791E-02
  1487.6214835095829585  0.4605496507202433E-02
  1490.9569576878554926  0.4624404330857902E-02
  1494.2924318661282541  0.4646080954853493E-02
  1497.6279060444005609  0.4669405982718740E-02
  1500.9633802226733224  0.4692035842545810E-02
  1504.2988544009458565  0.4711235925800823E-02
  1507.6343285792186180  0.4727109441869106E-02
  1510.9698027574911521  0.4742085488287382E-02
  1514.3052769357636862  0.4759569109749931E-02
  1517.6407511140362203  0.4780830670375670E-02
  1520.9762252923089818  0.4804678014831476E-02
  1524.3116994705815159  0.4827427766882688E-02
  1527.6471736488540500  0.4846985566286255E-02
  1530.9826478271268115  0.4864526138778141E-02
  1534.3181220053993457  0.4883210933129313E-02
  1537.6535961836721071  0.4903929561682949E-02
  1540.9890703619446413  0.4926485350856699E-02
  1544.3245445402171754  0.4950253535213990E-02
  1547.6600187184897095  0.4975349776443492E-02
  1550.9954928967624710  0.5001052603521015E-02
  1554.3309670750350051  0.5026333061474465E-02
  1557.6664412533077666  0.5049383939971679E-02
  1561.0019154315800733  0.5068991033862265E-02
  1564.3373896098528348  0.5083921268354367E-02
  1567.6728637881253690  0.5095454284882724E-02
  1571.0083379663981304  0.5106460736098778E-02
  1574.3438121446706646  0.5119942853823362E-02
  1577.6792863229431987  0.5136256957285963E-02
  1581.0147605012159602  0.5155206432968933E-02
  1584.3502346794884943  0.5175923200320712E-02
  1587.6857088577612558  0.5197548998391629E-02
  1591.0211830360335625  0.5218042222989605E-02
  1594.3566572143063240  0.5236680511826210E-02
  1597.6921313925788581  0.5254004324125991E-02
  1601.0276055708516196  0.5272353645334757E-02
  1604.3630797491241538  0.5292890959508276E-02
  1607.6985539273966879  0.5315806232442913E-02
  1611.0340281056692220  0.5339068681130966E-02
  1614.3695022839419835  0.5360475171775648E-02
  1617.7049764622145176  0.5378359324256998E-02
  1621.0404506404872791  0.5394517918663016E-02
  1624.3759248187598132  0.5411309340108466E-02
  1627.7113989970323473  0.5430092743266992E-02
  1631.0468731753051088  0.5449628042653599E-02
  1634.3823473535776429  0.5469218905082470E-02
  1637.7178215318501771  0.5488328173923802E-02
  1641.0532957101227112  0.5507864717158199E-02
  1644.3887698883954727  0.5527913893656401E-02
  1647.7242440666680068  0.5549291741969581E-02
  1651.0597182449407683  0.5572125097891531E-02
  1654.3951924232130750  0.5595471049117262E-02
  1657.7306666014858365  0.5615773868679488E-02
  1661.0661407797583706  0.5633652744756563E-02
  1664.4016149580311321  0.5660030903294953E-02
  1667.7370891363036662  0.5724308090226321E-02
  1671.0725633145762004  0.5857982495059613E-02
  1674.4080374928489618  0.6037485007045680E-02
  1677.7435116711214960  0.6154149712732203E-02
  1681.0789858493942575  0.6123678698054792E-02
  1684.4144600276665642  0.5995533652604867E-02
  1687.7499342059393257  0.5881795163469724E-02
  1691.0854083842118598  0.5832010707936520E-02
  1694.4208825624846213  0.5832630748892810E-02
  1697.7563567407571554  0.5857225320552429E-02
  1701.0918309190296895  0.5889260540685121E-02
  1704.4273050973022237  0.5920144083729440E-02
  1707.7627792755749851  0.5949804997251643E-02
  1711.0982534538475193  0.5986667213506776E-02
  1714.4337276321202808  0.6059891951131788E-02
  1717.7692018103928149  0.6225822003466078E-02
  1721.1046759886653490  0.6532268537027203E-02
  1724.4401501669381105  0.6911974959117105E-02
  1727.7756243452106446  0.7153991790274742E-02
  1731.1110985234834061  0.7106651650599619E-02
  1734.4465727017559402  0.6879507084180671E-02
  1737.7820468800287017  0.6692462558908521E-02
  1741.1175210583007811  0.6613610973558000E-02
  1744.4529952365735426  0.6563635491300924E-02
  1747.7884694148460767  0.6485359898708048E-02
  1751.1239435931188382  0.6392926260452447E-02
  1754.4594177713913723  0.6317474928537553E-02
  1757.7948919496641338  0.6270049572904692E-02
  1761.1303661279366679  0.6246226230548902E-02
  1764.4658403062094294  0.6233774505607020E-02
  1767.8013144844819635  0.6227979553527344E-02
  1771.1367886627542703  0.6232737073355618E-02
  1774.4722628410270318  0.6252748906903725E-02
  1777.8077370192995659  0.6285286649407138E-02
  1781.1432111975723274  0.6327832130047679E-02
  1784.4786853758448615  0.6378172046012142E-02
  1787.8141595541176230  0.6437875426421447E-02
  1791.1496337323901571  0.6516277189508342E-02
  1794.4851079106629186  0.6637243542763769E-02
  1797.8205820889354527  0.6844394715980824E-02
  1801.1560562672082142  0.7218129169051672E-02
  1804.4915304454805209  0.7819366506615086E-02
  1807.8270046237530551  0.8532482209196944E-02
  1811.1624788020258165  0.9008595559160009E-02
  1814.4979529802983507  0.8947712771458389E-02
  1817.8334271585711122  0.8425705786998326E-02
  1821.1689013368436463  0.7809621120124862E-02
  1824.5043755151164078  0.7389205933404907E-02
  1827.8398496933889419  0.7208915310105484E-02
  1831.1753238716617034  0.7165060704829005E-02
  1834.5107980499337827  0.7157300870851286E-02
  1837.8462722282065442  0.7155630675818633E-02
  1841.1817464064790784  0.7191107341065166E-02
  1844.5172205847518399  0.7295039332135274E-02
  1847.8526947630243740  0.7451765622880663E-02
  1851.1881689412971355  0.7578720765902547E-02
  1854.5236431195696696  0.7573590295319093E-02
  1857.8591172978424311  0.7410492045453234E-02
  1861.1945914761149652  0.7182532886044059E-02
  1864.5300656543872719  0.7006889628875386E-02
  1867.8655398326600334  0.6926222590746300E-02
  1871.2010140109325675  0.6908919056933253E-02
  1874.5364881892053290  0.6913412623671462E-02
  1877.8719623674778632  0.6918238779474469E-02
  1881.2074365457506246  0.6925244640366037E-02
  1884.5429107240231588  0.6942930964113666E-02
  1887.8783849022959203  0.6978166662756302E-02
  1891.2138590805684544  0.7030642345455368E-02
  1894.5493332588412159  0.7103106485137691E-02
  1897.8848074371135226  0.7197805455774408E-02
  1901.2202816153860567  0.7313752685253048E-02
  1904.5557557936588182  0.7450735981011288E-02
  1907.8912299719313523  0.7636496424527063E-02
  1911.2267041502041138  0.7936003331072328E-02
  1914.5621783284766479  0.8449383567078042E-02
  1917.8976525067494094  0.9247449790376890E-02
  1921.2331266850219436  0.1024174912606915E-01
  1924.5686008632947051  0.1111335343507502E-01
  1927.9040750415667844  0.1149706854512072E-01
  1931.2395492198395459  0.1130233598331603E-01
  1934.5750233981120800  0.1082535547193424E-01
  1937.9104975763848415  0.1050357319623281E-01
  1941.2459717546573756  0.1062893615297328E-01
  1944.5814459329301371  0.1122168244315642E-01
  1947.9169201112026713  0.1202631932530527E-01
  1951.2523942894754327  0.1261981914143634E-01
  1954.5878684677479669  0.1269426089009226E-01
  1957.9233426460207284  0.1226070522888080E-01
  1961.2588168242930351  0.1155219819704832E-01
  1964.5942910025655692  0.1080750486191253E-01
  1967.9297651808383307  0.1019840209435355E-01
  1971.2652393591108648  0.9797498042256211E-02
  1974.6007135373836263  0.9562343834885035E-02
  1977.9361877156561604  0.9401765663985956E-02
  1981.2716618939289219  0.9281369577042529E-02
  1984.6071360722014560  0.9229065905388009E-02
  1987.9426102504742175  0.9275997429782076E-02
  1991.2780844287465243  0.9403767166464426E-02
  1994.6135586070190584  0.9577802027675223E-02
  1997.9490327852918199  0.9778828974569064E-02
  2001.2845069635643540  0.9986034679577120E-02
  2004.6199811418371155  0.1016240505298597E-01
  2007.9554553201096496  0.1029694125870865E-01
  2011.2909294983824111  0.1040670990767558E-01
  2014.6264036766549452  0.1052864600867050E-01
  2017.9618778549277067  0.1072921436393319E-01
  2021.2973520331997861  0.1111187670192429E-01
  2024.6328262114725476  0.1172449661946830E-01
  2027.9683003897450817  0.1245660132632509E-01
  2031.3037745680178432  0.1307304115476769E-01
  2034.6392487462903773  0.1335703758981206E-01
  2037.9747229245631388  0.1317691670010816E-01
  2041.3101971028356729  0.1255823546780241E-01
  2044.6456712811084344  0.1170832527894303E-01
  2047.9811454593809685  0.1088403346854961E-01
  2051.3166196376537300  0.1022523820413375E-01
  2054.6520938159260368  0.9752814292768750E-02
  2057.9875679941987983  0.9432188220177532E-02
  2061.3230421724711050  0.9227239917007095E-02
  2064.6585163507438665  0.9106561156548182E-02
  2067.9939905290166280  0.9048381999740941E-02
  2071.3294647072893895  0.9040650810500997E-02
  2074.6649388855616962  0.9104847268855685E-02
  2078.0004130638344577  0.9274989128271148E-02
  2081.3358872421072192  0.9563715810498761E-02
  2084.6713614203795260  0.9929427472881962E-02
  2088.0068355986522874  0.1027183450227275E-01
  2091.3423097769245942  0.1044767577019283E-01
  2094.6777839551973557  0.1038916817636982E-01
  2098.0132581334701172  0.1020097689249064E-01
  2101.3487323117428787  0.1009035119957115E-01
  2104.6842064900151854  0.1016353101094192E-01
  2108.0196806682879469  0.1035884620889937E-01
  2111.3551548465607084  0.1058529720337308E-01
  2114.6906290248334699  0.1095925973088332E-01
  2118.0261032031053219  0.1191140565921220E-01
  2121.3615773813780834  0.1409441637922414E-01
  2124.6970515596508449  0.1784161682712821E-01
  2128.0325257379236064  0.2219030394682889E-01
  2131.3679999161959131  0.2474972841231026E-01
  2134.7034740944686746  0.2371693665300901E-01
  2138.0389482727414361  0.1986382934598668E-01
  2141.3744224510141976  0.1561076751019869E-01
  2144.7098966292865043  0.1264288021351933E-01
  2148.0453708075588111  0.1113905537290765E-01
  2151.3808449858315726  0.1052659542842599E-01
  2154.7163191641043340  0.1024561807911613E-01
  2158.0517933423770955  0.1000437015580909E-01
  2161.3872675206494023  0.9761493341960411E-02
  2164.7227416989221638  0.9563550291973739E-02
  2168.0582158771949253  0.9440761356148670E-02
  2171.3936900554676868  0.9396676354510762E-02
  2174.7291642337399935  0.9445104391441313E-02
  2178.0646384120123003  0.9588881469293242E-02
  2181.4001125902850617  0.9801146895989545E-02
  2184.7355867685578232  0.1002338958340500E-01
  2188.0710609468305847  0.1026689867652696E-01
  2191.4065351251028915  0.1076064209665222E-01
  2194.7420093033756530  0.1203020508181242E-01
  2198.0774834816484145  0.1457466635712753E-01
  2201.4129576599211759  0.1800864135479581E-01
  2204.7484318381934827  0.2054053848697995E-01
  2208.0839060164662442  0.2034966788913957E-01
  2211.4193801947385509  0.1765528942779599E-01
  2214.7548543730113124  0.1444006310667312E-01
  2218.0903285512836192  0.1226383171834258E-01
  2221.4258027295563807  0.1131320021826224E-01
  2224.7612769078291421  0.1111947162781418E-01
  2228.0967510861019036  0.1135335252900383E-01
  2231.4322252643742104  0.1196307094254424E-01
  2234.7676994426469719  0.1294060676361944E-01
  2238.1031736209197334  0.1398236846214585E-01
  2241.4386477991920401  0.1451515571682803E-01
  2244.7741219774648016  0.1419218146167494E-01
  2248.1095961557371083  0.1325916834887473E-01
  2251.4450703340098698  0.1225410615085362E-01
  2254.7805445122826313  0.1157932072673288E-01
  2258.1160186905553928  0.1137878928594049E-01
  2261.4514928688276996  0.1160263982044160E-01
  2264.7869670471004611  0.1203669300787029E-01
  2268.1224412253732226  0.1247521142349271E-01
  2271.4579154036459840  0.1303170928406449E-01
  2274.7933895819182908  0.1438896009193580E-01
  2278.1288637601905975  0.1754420344379805E-01
  2281.4643379384633590  0.2265906707824241E-01
  2284.7998121167361205  0.2760020938010080E-01
  2288.1352862950088820  0.2892910196290591E-01
  2291.4707604732811888  0.2564420307643754E-01
  2294.8062346515539502  0.2047809885223288E-01
  2298.1417088298267117  0.1654364898062242E-01
  2301.4771830080994732  0.1460841649470092E-01
  2304.8126571863713252  0.1380697290774069E-01
  2308.1481313646440867  0.1326249559592176E-01
  2311.4836055429168482  0.1266232343376164E-01
  2314.8190797211896097  0.1211357134989340E-01
  2318.1545538994619164  0.1178454073861890E-01
  2321.4900280777346779  0.1173053399396028E-01
  2324.8255022560074394  0.1190843313689433E-01
  2328.1609764342802009  0.1224884502272502E-01
  2331.4964506125525077  0.1262637392127157E-01
  2334.8319247908248144  0.1289756903984806E-01
  2338.1673989690975759  0.1302068869155618E-01
  2341.5028731473703374  0.1318560287141857E-01
  2344.8383473256430989  0.1378014261198222E-01
  2348.1738215039154056  0.1520471836820305E-01
  2351.5092956821881671  0.1733225691497071E-01
  2354.8447698604609286  0.1911349391254601E-01
  2358.1802440387336901  0.1933174980455079E-01
  2361.5157182170059968  0.1801537620542288E-01
  2364.8511923952787583  0.1636142192820701E-01
  2368.1866665735510651  0.1540997133272771E-01
  2371.5221407518238266  0.1546575279021479E-01
  2374.8576149300965881  0.1645838621040391E-01
  2378.1930891083688948  0.1793952352694437E-01
  2381.5285632866416563  0.1901896529097431E-01
  2384.8640374649144178  0.1906924182998922E-01
  2388.1995116431871793  0.1836354955874649E-01
  2391.5349858214594860  0.1752971116947694E-01
  2394.8704599997322475  0.1697331895763290E-01
  2398.2059341780045543  0.1705887306354189E-01
  2401.5414083562773158  0.1840192570798048E-01
  2404.8768825345496225  0.2150819251416768E-01
  2408.2123567128223840  0.2579472696783357E-01
  2411.5478308910951455  0.2904957648297207E-01
  2414.8833050693679070  0.2907878741072896E-01
  2418.2187792476402137  0.2613735578773399E-01
  2421.5542534259129752  0.2266419933042944E-01
  2424.8897276041857367  0.2072895294334860E-01
  2428.2252017824584982  0.2090103213354592E-01
  2431.5606759607308049  0.2277957029182194E-01
  2434.8961501390031117  0.2524060830870272E-01
  2438.2316243172758732  0.2667067560815442E-01
  2441.5670984955486347  0.2626758244284007E-01
  2444.9025726738213962  0.2469408001680158E-01
  2448.2380468520937029  0.2310328577044253E-01
  2451.5735210303664644  0.2216408143518411E-01
  2454.9089952086392259  0.2203210833030251E-01
  2458.2444693869119874  0.2254798815477931E-01
  2461.5799435651842941  0.2348150921621183E-01
  2464.9154177434566009  0.2475096191476222E-01
  2468.2508919217293624  0.2663775615558920E-01
  2471.5863661000021239  0.2972976204695478E-01
  2474.9218402782748853  0.3423827795975608E-01
  2478.2573144565471921  0.3882050877418616E-01
  2481.5927886348199536  0.4102216804389416E-01
  2484.9282628130927151  0.4007209452978888E-01
  2488.2637369913654766  0.3828356108093747E-01
  2491.5992111696373286  0.3865495510350254E-01
  2494.9346853479100901  0.4237281034213611E-01
  2498.2701595261828516  0.4868382980156805E-01
  2501.6056337044556130  0.5542792909282971E-01
  2504.9411078827279198  0.5904009805143523E-01
  2508.2765820610006813  0.5640835880087231E-01
  2511.6120562392734428  0.4907137792566895E-01
  2514.9475304175462043  0.4478323866501556E-01
  2518.2830045958185110  0.5291841225734654E-01
  2521.6184787740912725  0.7694255064574278E-01
  2524.9539529523635792  0.1085924282966431    
  2528.2894271306363407  0.1292954465828203    
  2531.6249013089091022  0.1224240652118435    
  2534.9603754871814090  0.9287659776317808E-01
  2538.2958496654541705  0.7699925316112397E-01
  2541.6313238437269320  0.9707264292907636E-01
  2544.9667980219996934  0.1262627591227880    
  2548.3022722002720002  0.1310506899537518    
  2551.6377463785447617  0.1258855113765216    
  2554.9732205568170684  0.1301299502177961    
  2558.3086947350898299  0.1366762560331894    
  2561.6441689133625914  0.1259227486384759    
  2564.9796430916348982  0.1084678482042250    
  2568.3151172699076596  0.1118728743276136    
  2571.6505914481804211  0.1315093493846594    
  2574.9860656264531826  0.1376735595440522    
  2578.3215398047254894  0.1193347962788098    
  2581.6570139829982509  0.8736032681510954E-01
  2584.9924881612710124  0.5718872247391461E-01
  2588.3279623395433191  0.3834095124466051E-01
  2591.6634365178156258  0.3146698019176204E-01
  2594.9989106960883873  0.3193543397543114E-01
  2598.3343848743611488  0.3459141874799054E-01
  2601.6698590526339103  0.3624124444856248E-01
  2605.0053332309062171  0.3604930330573779E-01
  2608.3408074091789786  0.3456725514876088E-01
  2611.6762815874517401  0.3239510194665878E-01
  2615.0117557657245015  0.2973920884123553E-01
  2618.3472299439968083  0.2687048045928867E-01
  2621.6827041222691150  0.2448727056354031E-01
  2625.0181783005418765  0.2303614541899894E-01
  2628.3536524788146380  0.2216408929547717E-01
  2631.6891266570873995  0.2132695406846619E-01
  2635.0246008353597063  0.2055665770527718E-01
  2638.3600750136324677  0.2023866539814497E-01
  2641.6955491919052292  0.2052706854974231E-01
  2645.0310233701779907  0.2114713403371513E-01
  2648.3664975484502975  0.2195405481892489E-01
  2651.7019717267226042  0.2330736635185775E-01
  2655.0374459049953657  0.2555217920456905E-01
  2658.3729200832681272  0.2833694954535363E-01
  2661.7083942615408887  0.3074905634680945E-01
  2665.0438684398131954  0.3168884857619735E-01
  2668.3793426180859569  0.3054077275995370E-01
  2671.7148167963587184  0.2792054862806453E-01
  2675.0502909746314799  0.2538150167232595E-01
  2678.3857651529037867  0.2430541834793210E-01
  2681.7212393311760934  0.2563757155126500E-01
  2685.0567135094488549  0.2962531919149506E-01
  2688.3921876877216164  0.3453296014223748E-01
  2691.7276618659939231  0.3660137173661461E-01
  2695.0631360442666846  0.3368002386176406E-01
  2698.3986102225394461  0.2783819023212772E-01
  2701.7340844008122076  0.2269690065381678E-01
  2705.0695585790845143  0.1981365982815162E-01
  2708.4050327573572758  0.1880592060530590E-01
  2711.7405069356295826  0.1906169894399730E-01
  2715.0759811139023441  0.2037433576816268E-01
  2718.4114552921751056  0.2231981610258792E-01
  2721.7469294704474123  0.2377061734233228E-01
  2725.0824036487201738  0.2355995354640251E-01
  2728.4178778269929353  0.2179313142938928E-01
  2731.7533520052656968  0.1972924493571250E-01
  2735.0888261835380035  0.1857164088399272E-01
  2738.4243003618107650  0.1895462986592593E-01
  2741.7597745400835265  0.2118655672212276E-01
  2745.0952487183558333  0.2447141731924389E-01
  2748.4307228966281400  0.2638890761105528E-01
  2751.7661970749009015  0.2512560866027890E-01
  2755.1016712531736630  0.2187386135793307E-01
  2758.4371454314464245  0.1908255777676728E-01
  2761.7726196097187312  0.1772181510641499E-01
  2765.1080937879914927  0.1728701530052647E-01
  2768.4435679662642542  0.1715834974123543E-01
  2771.7790421445370157  0.1703556457526082E-01
  2775.1145163228093224  0.1685229134808227E-01
  2778.4499905010816292  0.1663870424529845E-01
  2781.7854646793543907  0.1650393781537795E-01
  2785.1209388576271522  0.1650134909159138E-01
  2788.4564130358999137  0.1664388912967524E-01
  2791.7918872141722204  0.1691740781756173E-01
  2795.1273613924449819  0.1733036947712515E-01
  2798.4628355707177434  0.1784774737565213E-01
  2801.7983097489905049  0.1860966150651052E-01
  2805.1337839272628116  0.2029485772255095E-01
  2808.4692581055351184  0.2433019440803846E-01
  2811.8047322838078799  0.3169923665127003E-01
  2815.1402064620806414  0.4038694781138076E-01
  2818.4756806403534029  0.4508498508516896E-01
  2821.8111548186257096  0.4243834539658764E-01
  2825.1466289968984711  0.3506994040164592E-01
  2828.4821031751712326  0.2813070351210139E-01
  2831.8175773534439941  0.2407474838960812E-01
  2835.1530515317163008  0.2232294090344278E-01
  2838.4885257099886076  0.2144235243681623E-01
  2841.8239998882613691  0.2057569372709184E-01
  2845.1594740665341305  0.1965296760140805E-01
  2848.4949482448064373  0.1911047021735858E-01
  2851.8304224230791988  0.1937393678231024E-01
  2855.1658966013519603  0.2063030476125549E-01
  2858.5013707796247218  0.2253078396485919E-01
  2861.8368449578970285  0.2410444948832920E-01
  2865.1723191361697900  0.2428731005957469E-01
  2868.5077933144420967  0.2299230624381753E-01
  2871.8432674927148582  0.2114380958124752E-01
  2875.1787416709876197  0.1969536613124126E-01
  2878.5142158492599265  0.1889441498021332E-01
  2881.8496900275326880  0.1869053389017371E-01
  2885.1851642058054495  0.1931516656936665E-01
  2888.5206383840782109  0.2152836575463680E-01
  2891.8561125623505177  0.2595440395634893E-01
  2895.1915867406232792  0.3162198646597221E-01
  2898.5270609188955859  0.3529863709560709E-01
  2901.8625350971683474  0.3423000447700957E-01
  2905.1980092754411089  0.2930993393338399E-01
  2908.5334834537134157  0.2396843710808073E-01
  2911.8689576319861771  0.2047969760641938E-01
  2915.2044318102589386  0.1888510506876817E-01
  2918.5399059885317001  0.1825382585676838E-01
  2921.8753801668040069  0.1786844561343423E-01
  2925.2108543450767684  0.1742538632765268E-01
  2928.5463285233495299  0.1697544211342356E-01
  2931.8818027016218366  0.1662541008453075E-01
  2935.2172768798941433  0.1644361074256284E-01
  2938.5527510581669048  0.1643569866058426E-01
  2941.8882252364396663  0.1665296304114987E-01
  2945.2236994147124278  0.1708035987712081E-01
  2948.5591735929847346  0.1765227208470424E-01
  2951.8946477712574961  0.1827605546149414E-01
  2955.2301219495302576  0.1911551291216141E-01
  2958.5655961278030190  0.2078949642877451E-01
  2961.9010703060753258  0.2447190880185477E-01
  2965.2365444843476325  0.3097745613598680E-01
  2968.5720186626203940  0.3890678141600354E-01
  2971.9074928408931555  0.4403250822110862E-01
  2975.2429670191659170  0.4284898570479705E-01
  2978.5784411974382238  0.3640712570149943E-01
  2981.9139153757109852  0.2900603403099711E-01
  2985.2493895539837467  0.2375464406877576E-01
  2988.5848637322565082  0.2101400774639109E-01
  2991.9203379105288150  0.1973300256551857E-01
  2995.2558120888011217  0.1901010758474741E-01
  2998.5912862670738832  0.1849629198859216E-01
  3001.9267604453466447  0.1829153317022274E-01
  3005.2622346236194062  0.1848069074695541E-01
  3008.5977088018917129  0.1893666191656718E-01
  3011.9331829801644744  0.1929907118924283E-01
  3015.2686571584372359  0.1928872777982345E-01
  3018.6041313367099974  0.1883329186634835E-01
  3021.9396055149823042  0.1814482374106036E-01
  3025.2750796932546109  0.1749324787528093E-01
  3028.6105538715273724  0.1707608635017514E-01
  3031.9460280498001339  0.1685305898029573E-01
  3035.2815022280724406  0.1671974512726412E-01
  3038.6169764063452021  0.1660227849498429E-01
  3041.9524505846179636  0.1658408790964372E-01
  3045.2879247628907251  0.1675525139448591E-01
  3048.6233989411630319  0.1721170478647897E-01
  3051.9588731194357933  0.1797435883274148E-01
  3055.2943472977081001  0.1909468907787072E-01
  3058.6298214759808616  0.2056093255485319E-01
  3061.9652956542536231  0.2225402589516318E-01
  3065.3007698325259298  0.2375886074344737E-01
  3068.6362440107986913  0.2460766530534798E-01
  3071.9717181890714528  0.2456120618845183E-01
  3075.3071923673442143  0.2380521679195033E-01
  3078.6426665456165210  0.2270609611292903E-01
  3081.9781407238892825  0.2170751032264836E-01
  3085.3136149021620440  0.2102837903533051E-01
  3088.6490890804343508  0.2061044470875511E-01
  3091.9845632587071123  0.2022431593032012E-01
  3095.3200374369794190  0.1978867960057872E-01
  3098.6555116152521805  0.1925264420387436E-01
  3101.9909857935249420  0.1861408645978005E-01
  3105.3264599717977035  0.1792272172592527E-01
  3108.6619341500700102  0.1735457758662620E-01
  3111.9974083283427717  0.1697214267589801E-01
  3115.3328825066155332  0.1678687734076206E-01
  3118.6683566848878399  0.1677592831658083E-01
  3122.0038308631601467  0.1696598439338053E-01
  3125.3393050414329082  0.1727575280983572E-01
  3128.6747792197056697  0.1766332954573161E-01
  3132.0102533979784312  0.1814564490396851E-01
  3135.3457275762507379  0.1885679176536170E-01
  3138.6812017545234994  0.1984731039456223E-01
  3142.0166759327962609  0.2114107469599757E-01
  3145.3521501110690224  0.2257556680637040E-01
  3148.6876242893413291  0.2378968242055838E-01
  3152.0230984676136359  0.2426909115241623E-01
  3155.3585726458863974  0.2379635562833290E-01
  3158.6940468241591589  0.2257072158007784E-01
  3162.0295210024319204  0.2122041499190104E-01
  3165.3649951807042271  0.2043172386725872E-01
  3168.7004693589769886  0.2067158654122211E-01
  3172.0359435372497501  0.2173897136421789E-01
  3175.3714177155225116  0.2281619188845876E-01
  3178.7068918937948183  0.2289168620614541E-01
  3182.0423660720671251  0.2164502822379269E-01
  3185.3778402503398866  0.1958445880144829E-01
  3188.7133144286126480  0.1757905533643659E-01
  3192.0487886068854095  0.1608337990790859E-01
  3195.3842627851577163  0.1513328649559422E-01
  3198.7197369634304778  0.1452742278205120E-01
  3202.0552111417032393  0.1412476408466453E-01
  3205.3906853199760008  0.1379587984797300E-01
  3208.7261594982483075  0.1352953792384871E-01
  3212.0616336765206142  0.1329176936766426E-01
  3215.3971078547933757  0.1311577999588236E-01
  3218.7325820330661372  0.1299661146156080E-01
  3222.0680562113384440  0.1297134637353378E-01
  3225.4035303896112055  0.1299007507762736E-01
  3228.7390045678839670  0.1304338955509446E-01
  3232.0744787461567284  0.1308500973787332E-01
  3235.4099529244290352  0.1315971726319825E-01
  3238.7454271027017967  0.1329231375260464E-01
  3242.0809012809745582  0.1357132053588012E-01
  3245.4163754592468649  0.1396844189353760E-01
  3248.7518496375196264  0.1438076170616555E-01
  3252.0873238157919332  0.1456039748639898E-01
  3255.4227979940646946  0.1441724812909143E-01
  3258.7582721723374561  0.1403587888930539E-01
  3262.0937463506102176  0.1368937753239029E-01
  3265.4292205288825244  0.1350841499694470E-01
  3268.7646947071552859  0.1350643836217068E-01
  3272.1001688854280474  0.1355573803433054E-01
  3275.4356430637003541  0.1367433055770446E-01
  3278.7711172419731156  0.1398517386120719E-01
  3282.1065914202454223  0.1476202762269820E-01
  3285.4420655985181838  0.1607017933067663E-01
  3288.7775397767909453  0.1756186940303908E-01
  3292.1130139550637068  0.1836614666139945E-01
  3295.4484881333360136  0.1790878660198443E-01
  3298.7839623116087751  0.1644301658663860E-01
  3302.1194364898815365  0.1484223878102177E-01
  3305.4549106681542980  0.1366292682397207E-01
  3308.7903848464261500  0.1301018154238746E-01
  3312.1258590246989115  0.1266008539568718E-01
  3315.4613332029716730  0.1244340966839270E-01
  3318.7968073812444345  0.1223103383391411E-01
  3322.1322815595167413  0.1205841146552688E-01
  3325.4677557377895027  0.1191654691853991E-01
  3328.8032299160622642  0.1183704161373437E-01
  3332.1387040943350257  0.1177071382056058E-01
  3335.4741782726073325  0.1174057876863575E-01
  3338.8096524508796392  0.1170981320527031E-01
  3342.1451266291524007  0.1171116920668367E-01
  3345.4806008074251622  0.1171107948718848E-01
  3348.8160749856979237  0.1175916157012052E-01
  3352.1515491639702304  0.1185509184617492E-01
  3355.4870233422429919  0.1206003226886255E-01
  3358.8224975205157534  0.1230821723999771E-01
  3362.1579716987885149  0.1255833114920687E-01
  3365.4934458770608217  0.1278548985555015E-01
  3368.8289200553331284  0.1320737099904045E-01
  3372.1643942336058899  0.1388041721243112E-01
  3375.4998684118786514  0.1447739460245701E-01
  3378.8353425901514129  0.1438631491645979E-01
  3382.1708167684237196  0.1357677621228747E-01
  3385.5062909466964811  0.1255500642348948E-01
  3388.8417651249692426  0.1186231071682070E-01
  3392.1772393032420041  0.1153070338915865E-01
  3395.5127134815143108  0.1142371054645456E-01
  3398.8481876597870723  0.1135541025736668E-01
  3402.1836618380593791  0.1130524737001914E-01
  3405.5191360163321406  0.1122084660199853E-01
  3408.8546101946044473  0.1114530715279432E-01
  3412.1900843728772088  0.1107259492178619E-01
  3415.5255585511499703  0.1111243543192355E-01
  3418.8610327294227318  0.1130316988006533E-01
  3422.1965069076950385  0.1165696176340479E-01
  3425.5319810859678000  0.1191081310591313E-01
  3428.8674552642405615  0.1186274011743428E-01
  3432.2029294425133230  0.1150332881056247E-01
  3435.5384036207856298  0.1112466457885652E-01
  3438.8738777990583912  0.1085812826639435E-01
  3442.2093519773306980  0.1073902353437054E-01
  3445.5448261556039142  0.1065816213827390E-01
  3448.8803003338762210  0.1061721230963078E-01
  3452.2157745121485277  0.1056515717710249E-01
  3455.5512486904212892  0.1054463183464954E-01
  3458.8867228686935960  0.1051207656505268E-01
  3462.2221970469668122  0.1050613827842862E-01
  3465.5576712252391189  0.1047828996187984E-01
  3468.8931454035118804  0.1046680694532325E-01
  3472.2286195817841872  0.1042705152796989E-01
  3475.5640937600574034  0.1040541795572422E-01
  3478.8995679383297102  0.1036120282465798E-01
  3482.2350421166015622  0.1034101461665864E-01
  3485.5705162948747784  0.1030108012504437E-01
  3488.9059904731470851  0.1028494739906389E-01
  3492.2414646514203014  0.1024563518487834E-01
  3495.5769388296921534  0.1022814490354561E-01
  3498.9124130079653696  0.1018799309445102E-01
  3502.2478871862376764  0.1017259198061187E-01
  3505.5833613645108926  0.1013618132872617E-01
  3508.9188355427827446  0.1012396126528500E-01
  3512.2543097210550513  0.1008741192906703E-01
  3515.5897838993282676  0.1007341096225569E-01
  3518.9252580776005743  0.1003554368836256E-01
  3522.2607322558733358  0.1002182686601289E-01
  3525.5962064341456426  0.9983817454094816E-02
  3528.9316806124188588  0.9969109231002908E-02
  3532.2671547906911655  0.9929465502966145E-02
  3535.6026289689639270  0.9914924865669110E-02
  3538.9381031472362338  0.9877210149065700E-02
  3542.2735773255085405  0.9865135455873328E-02
  3545.6090515037817568  0.9827858588212265E-02
  3548.9445256820540635  0.9815065664160721E-02
  3552.2799998603268250  0.9777212229574077E-02
  3555.6154740385991317  0.9765370084683998E-02
  3558.9509482168723480  0.9728177472066241E-02
  3562.2864223951446547  0.9716072775875219E-02
  3565.6218965734174162  0.9677007398661024E-02
  3568.9573707516897230  0.9662745275022816E-02
  3572.2928449299620297  0.9621969067036450E-02
  3575.6283191082352459  0.9608256796664107E-02
  3578.9637932865075527  0.9569312025835277E-02
  3582.2992674647803142  0.9557854446996411E-02
  3585.6347416430526209  0.9520112898093963E-02
  3588.9702158213258372  0.9509761061479544E-02
  3592.3056899995981439  0.9473063609371630E-02
  3595.6411641778709054  0.9464446062149037E-02
  3598.9766383561432121  0.9428268685474027E-02
  3602.3121125344164284  0.9418070598807662E-02
  3605.6475867126887351  0.9378701936320585E-02
  3608.9830608909610419  0.9367262499718608E-02
  3612.3185350692338034  0.9328353755009542E-02
  3615.6540092475061101  0.9317921251804874E-02
  3618.9894834257793264  0.9279540773818188E-02
  3622.3249576040516331  0.9270643302078696E-02
  3625.6604317823243946  0.9233409861726499E-02
  3628.9959059605967013  0.9224275189228481E-02
  3632.3313801388699176  0.9184981249887210E-02
  3635.6668543171422243  0.9174840271052942E-02
  3639.0023284954145311  0.9136109275962437E-02
  3642.3378026736872926  0.9127445141311563E-02
  3645.6732768519595993  0.9088628668299677E-02
  3649.0087510302328155  0.9079214957520414E-02
  3652.3442252085051223  0.9039417066803723E-02
  3655.6796993867778838  0.9029514200000099E-02
  3659.0151735650501905  0.8988830961029362E-02
  3662.3506477433234068  0.8979142309814399E-02
  3665.6861219215957135  0.8939426074587736E-02
  3669.0215960998675655  0.8931051301184011E-02
  3672.3570702781407817  0.8891345827843965E-02
  3675.6925444564130885  0.8883205303885314E-02
  3679.0280186346863047  0.8844634231394179E-02
  3682.3634928129581567  0.8839154457833938E-02
  3685.6989669912313730  0.8802018526387774E-02
  3689.0344411695036797  0.8795653762177339E-02
  3692.3699153477768959  0.8755714345332713E-02
  3695.7053895260487479  0.8748789638271151E-02
  3699.0408637043210547  0.8710917487621038E-02
  3702.3763378825942709  0.8706275583139357E-02
  3705.7118120608665777  0.8666877129381851E-02
  3709.0472862391393392  0.8658409819242721E-02
  3712.3827604174116459  0.8615609438907495E-02
  3715.7182345956848621  0.8607483851310374E-02
  3719.0537087739571689  0.8567483027236145E-02
  3722.3891829522299304  0.8562503899095247E-02
  3725.7246571305022371  0.8523173286886784E-02
  3729.0601313087745439  0.8517813005552622E-02
  3732.3956054870477601  0.8477931127711872E-02
  3735.7310796653200669  0.8473194983222365E-02
  3739.0665538435928283  0.8433668890363597E-02
  3742.4020280218651351  0.8429085645693928E-02
  3745.7375022001383513  0.8388938288232334E-02
  3749.0729763784106581  0.8384674066691574E-02
  3752.4084505566834196  0.8345041298859913E-02
  3755.7439247349557263  0.8341230072831045E-02
  3759.0793989132289425  0.8300811519431038E-02
  3762.4148730915012493  0.8296908695227232E-02
  3765.7503472697735560  0.8257149002574246E-02
  3769.0858214480463175  0.8254581062913628E-02
  3772.4212956263186243  0.8214181668103372E-02
  3775.7567698045918405  0.8209520586040039E-02
  3779.0922439828641473  0.8166750523134311E-02
  3782.4277181611369087  0.8162461435209238E-02
  3785.7631923394092155  0.8122062392035905E-02
  3789.0986665176824317  0.8121035889536344E-02
  3792.4341406959547385  0.8081529118761099E-02
  3795.7696148742270452  0.8079103654181562E-02
  3799.1050890524998067  0.8036864316053259E-02
  3802.4405632307721135  0.8033871165625662E-02
  3805.7760374090453297  0.7992872047133890E-02
  3809.1115115873176364  0.7991842106083421E-02
  3812.4469857655903979  0.7950866383247546E-02
  3815.7824599438627047  0.7949196933059679E-02
  3819.1179341221359209  0.7907322887267434E-02
  3822.4534083004082277  0.7905561177662687E-02
  3825.7888824786805344  0.7863164723432049E-02
  3829.1243566569532959  0.7861774888569645E-02
  3832.4598308352256026  0.7820212294356119E-02
  3835.7953050134988189  0.7820432883488852E-02
  3839.1307791917711256  0.7779244240765147E-02
  3842.4662533700438871  0.7779251379110612E-02
  3845.8017275483161939  0.7737076440810759E-02
  3849.1372017265894101  0.7736892566012599E-02
  3852.4726759048617168  0.7694284505207201E-02
  3855.8081500831335688  0.7694139519453258E-02
  3859.1436242614067851  0.7651456005917784E-02
  3862.4790984396790918  0.7652411324218181E-02
  3865.8145726179523081  0.7610597405612484E-02
  3869.1500467962241601  0.7612404541131397E-02
  3872.4855209744973763  0.7570401078044257E-02
  3875.8209951527696830  0.7572401326500240E-02
  3879.1564693310428993  0.7530265251171080E-02
  3882.4919435093147513  0.7532546909071281E-02
  3885.8274176875870580  0.7489688952893842E-02
  3889.1628918658602743  0.7491135543875221E-02
  3892.4983660441325810  0.7447043584706723E-02
  3895.8338402224053425  0.7448787071719794E-02
  3899.1693144006776492  0.7405538338594702E-02
  3902.5047885789508655  0.7408698048153449E-02
  3905.8402627572231722  0.7365683653557359E-02
  3909.1757369354959337  0.7369017473923414E-02
  3912.5112111137682405  0.7325725352698995E-02
  3915.8466852920414567  0.7329624555963782E-02
  3919.1821594703137634  0.7286204054945092E-02
  3922.5176336485860702  0.7289884097104074E-02
  3925.8531078268588317  0.7245693906688921E-02
  3929.1885820051311384  0.7249727876360237E-02
  3932.5240561834043547  0.7205665641389161E-02
  3935.8595303616766614  0.7210056030451401E-02
  3939.1950045399494229  0.7165642895755431E-02
  3942.5304787182217297  0.7170453339010997E-02
  3945.8659528964949459  0.7126052698249163E-02
  3949.2014270747672526  0.7131082589748990E-02
  3952.5369012530395594  0.7086126042777274E-02
  3955.8723754313123209  0.7091499445683815E-02
  3959.2078496095846276  0.7047030021457203E-02
  3962.5433237878578439  0.7053684081754346E-02
  3965.8787979661301506  0.7009462651232188E-02
  3969.2142721444029121  0.7016011858945444E-02
  3972.5497463226752188  0.6970421751589693E-02
  3975.8852205009484351  0.6976090410547153E-02
  3979.2206946792207418  0.6929715207712891E-02
  3982.5561688574930486  0.6935922336251666E-02
  3985.8916430357658101  0.6889764739912912E-02
  3989.2271172140381168  0.6896277343974168E-02
  3992.5625913923113330  0.6849040690164563E-02
  3995.8980655705836398  0.6853090129731463E-02
